environment:0.25734 compatibility:0.18572 software:0.11059 platform:0.10284 language:0.10284 adapted:0.10284 different:0.10284 installed:0.10284 uninstalled:0.10284 replace:0.10284 
documentation:0.16713 information:0.13358 community:0.12062 specified:0.08881 recognize:0.06679 demonstration:0.06679 tutorial:0.06679 include:0.06679 provide:0.06679 learning:0.06679 
code:0.03995 github:0.02780 security:0.02440 management:0.02240 build:0.02240 tool:0.02240 offer:0.01815 api:0.01815 dependency:0.01815 deployment:0.01815
requirement:0.31341 performing:0.22619 meet:0.21710 function:0.17310 performance:0.17310 speed:0.12525 memory:0.12525 throughput:0.12525 resource:0.12525 limit:0.12525 
reliability:0.22538 component:0.22538 buggy:0.09007 accessible:0.09007 fault:0.09007 interruption:0.09007 failure:0.09007 recover:0.09007 data:0.09007 affected:0.09007 
usability:0.13591 easy:0.13591 user:0.13157  using:0.07526 make:0.07526 operate:0.07526 control:0.07526 enables:0.07526 satisfying:0.07526 interaction:0.07526 
