environment:0.25716 compatibility:0.18568 software:0.11011 platform:0.10287 language:0.10287
specified:0.15414 learnability:0.10587 community:0.10587 documentation:0.10587 learning:0.10587 
code:0.04262 github:0.02910 security:0.02526 management:0.02333 build:0.02333
requirement:0.31319 performing:0.22614 meet:0.21674 function:0.17296 performance:0.17296
reliability:0.22519 component:0.22519 buggy:0.09008 accessible:0.09008 fault:0.09008
usability:0.13582 easy:0.13582 user:0.13132 using:0.07525 interface:0.07525
